141802
141803
141804
141805
141806
141807
141808
141809
141810
141811
141812
141813
141814
141815
141816
141817
141818
141819
141820
141821
141822
141823
141824
141825
141826
141827
141828
141829
141830
141831
141832
141833
141834
141835
141836
141837
141838
141839
141840
141841
141842
141843
141844
141845
141846
141847
141848
141849
141850
141851
141852
141853
141854
141855
141856
141857
141858
141859
141860
141861
141862
141863
141864
141865
141866
141867
141868
141869
141870
141871
141872
141873
141874
141875
141876
141877
141878
141879
141880
141881
141882
142011
142027
142057
142137
142144
142151
142154
142163
142413
142417
142430
142439
142440
142441
142442
142443
142444
142445
142446
142447
142448
142449
142450
142451
142452
142453
142454
142455
142456
142457
142458
142459
142460
142461
142462
142463
142464
142465
142466
142467
142468
142469
142470
142471
142472
142473
142474
142475
142476
142477
142478
142479
142480
142481
142482
142483
142484
142485
142486
142487
142488
142489
142490
142491
142492
142493
142494
142495
142496
142497
142498
142499
142500
142501
142502
142503
142504
142505
142506
142507
142508
142509
142510
142511
142512
142513
142514
142515
142516
142517
142518
142519
142520
142521
142522
142523
142524
142525
142526
142527
142528
142529
142530
142531
142532
142533
142534
142535
142536
142537
142538
142575
142582
142614
142646
146846
146847
146848
146849
146850
146851
146852
146853
146854
146855
146856
146857
146858
146859
146860
146861
146862
146863
146864
146865
146866
146867
146868
146869
146870
146871
146872
146873
146874
146875
146876
146877
146878
146879
146880
146881
146882
146883
146884
146885
146886
146887
146888
146889
146890
146891
146892
146893
146894
146895
146896
146897
146898
146899
146900
146901
146902
146903
146904
146905
146906
146907
146908
146909
146910
146911
146912
146913
146914
146915
146916
146917
146918
146919
146920
146921
146922
146923
146924
146925
146926
146927
146928
146929
146930
146931
146932
146933
146934
146935
146936
146937
146938
146939
146940
146941
146942
146943
146944
146945
146964
146999
147177
147183
147185
147186
147189
147191
147192
147193
147194
147195
147196
147197
147198
147199
147200
147201
147202
147203
147204
147205
147206
147207
147208
147209
147210
147211
147212
147213
147214
147215
147216
147217
147218
147219
147220
147221
147222
147223
147224
147225
147226
147227
147228
147229
147230
147231
147232
147233
147234
147235
147236
147237
147238
147239
147240
147241
147242
147243
147244
147245
147246
147247
147248
147249
147250
147251
147252
147253
147254
147255
147256
147257
147258
147259
147260
147261
147262
147263
147264
147265
147266
147267
147268
147269
147270
147271
147272
147273
147274
147275
147276
147277
147278
147279
147280
147281
147282
147283
147284
147285
147286
147287
147288
147289
147290
147305
147306
147316
147317
147318
147319
147320
147321
147322
147323
147324
147325
147326
147327
147328
147329
147330
147331
147332
147333
147334
147335
147336
147337
147338
147339
147340
147341
147342
147343
147344
147345
147346
147347
147348
147349
147350
147351
147352
147353
147354
147355
147356
147357
147358
147359
147360
147361
147362
147363
147364
147365
147366
147367
147368
147369
147370
147371
147372
147373
147374
147375
147376
147377
147378
147379
147380
147381
147382
147383
147384
147385
147386
147387
147388
147389
147390
147391
147392
147393
147394
147395
147396
147397
147398
147399
147400
147401
147402
147403
147404
147405
147406
147407
147408
147409
147410
147411
147412
147413
147414
147415
147416
147417
147418
147419
147420
147421
147422
147423
147424
147425
147426
147427
147428
147429
147430
147431
147432
147433
147434
147435
147436
147437
147438
147439
147440
147441
147442
147443
147444
147445
147446
147447
147448
147449
147450
147451
147452
147453
147454
147455
147456
147457
147458
147459
147460
147461
147462
147463
147464
147465
147466
147467
147468
147469
147470
147471
147472
147473
147474
147475
147476
147477
147478
147479
147480
147481
147482
147483
147484
147485
147486
147487
147488
147489
147490
147491
147492
147493
147494
147495
147496
147497
147498
147499
147500
147501
147502
147503
147504
147505
147506
147507
147508
147509
147510
147511
147512
147513
147514
147515
147516
147517
147518
147519
147520
147521
147522
147523
147524
147525
147526
147527
147528
147529
147530
147531
147532
147533
147534
147535
147536
147537
147538
147539
147540
147541
147542
147543
147544
147545
147546
147547
147548
147549
147550
147551
147552
147553
147554
147555
147556
147557
147558
147559
147560
147561
147562
147563
147564
147565
147566
147567
147568
147569
147570
147571
147572
147573
147574
147575
147576
147577
147578
147579
147580
147581
147582
147583
147584
147585
147586
147587
147588
147589
147590
147591
147592
147593
147594
147595
147596
147597
147598
147599
147600
147601
147602
147603
147604
147605
147606
147607
147608
147609
147610
147611
147612
147613
147614
147615
147616
147617
147618
147619
147620
147621
147622
147623
147624
147625
147626
147627
147628
147629
147630
147631
147632
147633
147634
147635
147636
147637
147638
147639
147640
147641
147642
147643
147644
147645
147646
147647
147648
147649
147650
147651
147652
147653
147654
147655
147656
147657
147658
147659
147660
147661
147662
147663
147664
147665
147666
147667
147668
147669
147670
147671
147672
147673
147674
147675
147676
147677
147678
147679
147680
147681
147682
147683
147684
147685
147686
147687
147688
147689
147690
147691
147692
147693
147694
147695
147696
147697
147698
147699
147700
147701
147702
147703
147704
147705
147706
147707
147708
147709
147710
147711
147712
147713
147714
147715
147716
147717
147718
147719
147720
147721
147722
147723
147724
147725
147726
147727
147728
147729
147730
147731
147732
147733
147734
147735
147736
147737
147738
147739
147740
147741
147742
147743
147744
147745
147746
147747
147748
147749
147750
147751
147752
147753
147754
147755
147756
147757
147758
147759
147760
147761
147762
147763
147764
147765
147766
147767
147768
147769
147770
147771
147772
147773
147774
147775
147776
147777
147778
147779
147780
147781
147782
147783
147784
147785
147786
147787
147788
147789
147790
147791
147792
147793
147794
147795
147796
147797
147798
147799
147800
147801
147802
147803
147804
147805
147806
147807
147808
147809
147810
147811
147812
147813
147814
147815
147816
147817
147818
147819
147820
147821
147822
147823
147824
147825
147826
147827
147828
147829
147830
147831
147832
147833
147834
147835
147836
147837
147838
147839
147840
147841
147842
147843
147844
147845
147846
147847
147848
147849
147850
147851
147852
147853
147854
147855
147856
147857
147858
147859
147860
147861
147862
147863
147864
147865
147866
147867
147868
147869
147870
147871
147872
147873
147874
147875
147876
147877
147878
147879
147880
147881
147882
147883
147884
147885
147886
147887
147888
147889
147890
147891
147892
147893
147894
147895
147896
147897
147898
147899
147900
147901
147902
147903
147904
147905
147906
147907
147908
147909
147910
147911
147912
147913
147914
147915
147916
147917
147918
147919
147920
147921
147922
147923
147924
147925
147926
147927
147928
147929
147930
147931
147932
147933
147934
147935
147936
147937
147938
147939
147940
147941
147942
147943
147944
147945
147946
147947
147948
147949
147950
147951
147952
147953
147954
147955
147956
147957
147958
147959
147960
147961
147962
147963
147964
147965
147966
147967
147968
147969
147970
147971
147972
147973
147974
147975
147976
147977
147978
147979
147980
147981
147982
147983
147984
147985
147986
147987
147988
147989
147990
147991
147992
147993
147994
147995
147996
147997
147998
147999
148000
148001
148002
148003
148004
148005
148006
148007
148008
148009
148010
148011
148012
148013
148014
148015
148016
148017
148018
148019
148020
148021
148022
148023
148024
148025
148026
148027
148028
148029
148030
148031
148032
148033
148034
148035
148036
148037
148038
148039
148040
148041
148042
148043
148044
148045
148046
148047
148048
148049
148050
148051
148052
148053
148054
148055
148056
148057
148058
148059
148060
148061
148062
148063
148064
148065
148066
148067
148068
148069
148070
148071
148072
148073
148074
148075
148076
148077
148078
148079
148080
148081
148082
148083
148084
148085
148086
148087
148088
148089
148090
148091
148092
148093
148094
148095
148096
148097
148098
148099
148100
148101
148102
148103
148104
148105
148106
148107
148108
148109
148110
148111
148112
148113
148114
148115
148116
148117
148118
148119
148120
148121
148122
148123
148124
148125
148126
148127
148128
148129
148130
148131
148132
148133
148134
148135
148136
148137
148138
148139
148140
148141
148142
148143
148144
148145
148146
148147
148148
148149
148150
148151
148152
148153
148154
148155
148156
148157
148158
148159
148160
148161
148162
148163
148164
148165
148166
148167
148168
148169
148170
148171
148172
148173
148174
148175
148176
148177
148178
148179
148180
148181
148182
148183
148184
148185
148186
148187
148188
148189
148190
148191
148192
148193
148194
148195
148196
148197
148198
148199
148200
148201
148202
148203
148204
148205
148206
148207
148208
148209
148210
148211
148212
148213
148214
148215
148216
148217
148218
148219
148220
148221
148222
148223
148224
148225
148226
148227
148228
148229
148230
148231
148232
148233
148234
148235
148236
148237
148238
148239
148240
148241
148242
148243
148244
148245
148246
148247
148248
148249
148250
148251
148252
148253
148254
148255
148256
148257
148258
148259
148260
148261
148262
148263
148264
148265
148266
148267
148268
148269
148270
148271
148272
148273
148274
148275
148276
148277
148278
148279
148280
148281
148282
148283
148284
148285
148286
148287
148288
148289
148290
148291
148292
148293
148294
148295
148296
148297
148298
148299
148300
148301
148302
148303
148304
148305
148306
148307
148308
148309
148310
148311
148312
148313
148314
148315
148316
148317
148318
148319
148320
148321
148322
148323
148324
148325
148326
148327
148328
148329
148330
148331
148332
148333
148334
148335
148336
148337
148338
148339
148340
148341
148342
148343
148344
148345
148346
148347
148348
148349
148350
148351
148352
148353
148354
148355
148356
148357
148358
148359
148360
148361
148362
148363
148364
148365
148366
148367
148368
148369
148370
148371
148372
148373
148374
148375
148376
148377
148378
148379
148380
148381
148382
148383
148384
148385
148386
148387
148388
148389
148390
148391
148392
148393
148394
148395
148396
148397
148398
148399
148400
148401
148402
148403
148404
148405
148406
148407
148408
148409
148410
148411
148412
148413
148414
148415
148416
148417
148418
148419
148420
148421
148422
148423
148424
148425
148426
148427
148428
148429
148430
148431
148432
148433
148434
148435
148436
148437
148438
148439
148440
148441
148442
148443
148444
148445
148446
148447
148448
148449
148450
148451
148452
148453
148454
148455
148456
148457
148458
148459
148460
148461
148462
148463
148464
148465
148466
148467
148468
148469
148470
148471
148472
148473
148474
148475
148476
148477
148478
148479
148480
148481
148482
148483
148484
148485
148486
148487
148488
148489
148490
148491
148492
148493
148494
148495
148496
148497
148498
148499
148500
148501
148502
148503
148504
148505
148506
148507
148508
148509
148510
148511
148512
148513
148514
148515
148516
148517
148518
148519
148520
148521
148522
148523
148524
148525
148526
148527
148528
148529
148530
148531
148532
148533
148534
148535
148536
148537
148538
148539
148540
148541
148542
148543
148544
148545
148546
148547
148548
148549
148550
148551
148552
148553
148554
148555
148556
148557
148558
148559
148560
148561
148562
148563
148564
148565
148566
148567
148568
148569
148570
148571
148572
148573
148574
148575
148576
148577
148578
148579
148580
148581
148582
148583
148584
148585
148586
148587
148588
148589
148590
148591
148592
148593
148594
148595
148596
148597
148598
148599
148600
148601
148602
148603
148604
148605
148606
148607
148608
148609
148610
148611
148612
148613
148614
148615
148616
148617
148618
148619
148620
148621
148622
148623
148624
148625
148626
148627
148628
148629
148630
148631
148632
148633
148634
148635
148636
148637
148638
148639
148640
148641
148642
148643
148644
148645
148646
148647
148648
148649
148650
148651
148652
148653
148654
148655
148656
148657
148658
148659
148660
148661
148662
148663
148664
148665
148666
148667
148668
148669
148670
148671
148672
148673
148674
148675
148676
148677
148678
148679
148680
148681
148682
148683
148684
148685
148686
148687
148688
148689
148690
148691
148692
148693
148694
148695
148696
148697
148698
148699
148700
148701
148702
148703
148704
148705
148706
148707
148708
148709
148710
148711
148712
148713
148714
148715
148716
148717
148718
148719
148720
148721
148722
148723
148724
148725
148726
148727
148728
148729
148730
148731
148732
148733
148734
148735
148736
148737
148738
148739
148740
148741
148742
148743
148744
148745
148746
148747
148748
148749
148750
148751
148752
148753
148754
148755
148756
148757
148758
148759
148760
148761
148762
148763
148764
148765
148766
148767
148768
148769
148770
148771
148772
148773
148774
148775
148776
148777
148778
148779
148780
148781
148782
148783
148784
148785
148786
148787
148788
148789
148790
148791
148792
148793
148795
148796
148797
148798
148799
148800
148801
148802
148803
148804
148805
148806
148807
148808
148809
148810
148811
148812
148813
148814
148815
148816
148817
148818
148819
148820
148821
148822
148823
148824
148825
148826
148827
148828
148829
148830
148831
148832
148833
148834
148835
148836
148837
148838
148839
148840
148841
148842
148843
148844
148845
148846
148847
148848
148849
148850
148851
148852
148853
148854
148855
148856
148857
148858
148859
148860
148861
148862
148863
148864
148865
148866
148867
148868
148869
148870
148871
148872
148873
148874
148875
148876
148877
148878
148879
148880
148881
148882
148883
148884
148885
148886
148887
148888
148889
148890
148891
148892
148893
148894
148895
148896
148897
148898
148899
148900
148901
148902
148903
148904
148905
148906
148907
148908
148909
148910
148911
148912
148913
148914
148915
148916
148917
148918
148919
148920
148921
148922
148923
148924
148925
148926
148927
148928
148929
148930
148931
148932
148933
148934
148935
148936
148937
148938
148939
148940
148941
148942
148943
148944
148945
148946
148947
148948
148949
148950
148951
148952
148953
148954
148955
148956
148957
148958
148959
148960
148961
148962
148963
148964
148965
148966
148992
149005
149013
149180
149181
149182
149183
149184
149185
149186
149187
149188
149189
149190
149191
149192
149193
149194
149195
149196
149197
149198
149199
149200
149201
149202
149203
149204
149205
149206
149207
149208
149209
149210
149211
149212
149213
149214
149215
149216
149217
149218
149219
149220
149221
149222
149223
149224
149225
149226
149227
149228
149229
149230
149231
149232
149233
149234
149235
149236
149237
149238
149239
149240
149241
149242
149243
149244
149245
149246
149247
149248
149249
149250
149251
149252
149253
149254
149255
149256
149257
149258
149259
149260
149261
149262
149263
149264
149265
149266
149267
149268
149269
149270
149271
149272
149273
149274
149275
149276
149277
149278
149279
149422
149447
149477
149486
149507
149525
149526
149527
149528
149529
149530
149531
149532
149533
149534
149535
149536
149537
149538
149539
149540
149541
149542
149543
149544
149545
149546
149547
149548
149549
149550
149551
149552
149553
149554
149555
149556
149557
149558
149559
149560
149561
149562
149563
149564
149565
149566
149567
149568
149569
149570
149571
149572
149573
149574
149575
149576
149577
149578
149579
149580
149581
149582
149583
149584
149585
149586
149587
149588
149589
149590
149591
149592
149593
149594
149595
149596
149597
149598
149599
149600
149601
149602
149603
149604
149605
149606
149607
149608
149609
149610
149611
149612
149613
149614
149615
149616
149617
149618
149619
149620
149621
149622
149623
149624
149655
149779
149781
149794
149797
149798
149823
149838
149842
149856
149871
150007
150008
150009
150010
150011
150012
150013
150014
150015
150016
150017
150018
150019
150020
150021
150022
150023
150024
150025
150026
150027
150028
150029
150030
150031
150032
150033
150034
150035
150036
150037
150038
150039
150040
150041
150042
150043
150044
150045
150046
150047
150048
150049
150050
150051
150052
150053
150054
150055
150056
150057
150058
150059
150060
150061
150062
150063
150064
150065
150066
150067
150068
150069
150070
150071
150072
150073
150074
150075
150076
150077
150078
150079
150080
150081
150082
150083
150084
150085
150086
150087
150088
150089
150090
150091
150092
150093
150094
150095
150096
150097
150098
150099
150100
150101
150102
150103
150104
150105
150106
150109
150118
150136
150140
150151
150163
150303
150339
150383
150386
150398
150400
150402
150560
150561
150562
150563
150564
150565
150566
150567
150568
150569
150570
150571
150572
150573
150574
150575
150576
150577
150578
150579
150580
150581
150582
150583
150584
150585
150586
150587
150588
150589
150590
150591
150592
150593
150594
150595
150596
150597
150598
150599
150600
150601
150602
150603
150604
150605
150606
150607
150608
150609
150610
150611
150612
150613
150614
150615
150616
150617
150618
150619
150620
150621
150622
150623
150624
150625
150626
150627
150628
150629
150630
150631
150632
150633
150634
150635
150636
150637
150638
150639
150640
150641
150642
150643
150644
150645
150646
150647
150648
150649
150650
150651
150652
150653
150654
150655
150656
150657
150658
150659
150670
150678
150694
150702
150743
150751
150752
150794
151082
151083
151084
151085
151086
151087
151088
151089
151090
151091
151092
151093
151094
151095
151096
151097
151098
151099
151100
151101
151102
151103
151104
151105
151106
151107
151108
151109
151110
151111
151112
151113
151114
151115
151116
151117
151118
151119
151120
151121
151122
151123
151124
151125
151126
151127
151128
151129
151130
151131
151132
151133
151134
151135
151136
151137
151138
151139
151140
151141
151142
151143
151144
151145
151146
151147
151148
151149
151150
151151
151152
151153
151154
151155
151156
151157
151158
151159
151160
151161
151162
151163
151164
151165
151166
151167
151168
151169
151170
151171
151172
151173
151174
151175
151176
151177
151178
151179
151180
151181
151186
151199
151205
151325
151335
151344
151347
151415
151656
151661
151666
151670
151671
151676
151679
151680
151681
151682
151683
151684
151685
151686
151687
151688
151689
151690
151691
151692
151693
151694
151695
151696
151697
151698
151699
151700
151701
151702
151703
151704
151705
151706
151707
151708
151709
151710
151711
151712
151713
151714
151715
151716
151717
151718
151719
151720
151721
151722
151723
151724
151725
151726
151727
151728
151729
151730
151731
151732
151733
151734
151735
151736
151737
151738
151739
151740
151741
151742
151743
151744
151745
151746
151747
151748
151749
151750
151751
151752
151753
151754
151755
151756
151757
151758
151759
151760
151761
151762
151763
151764
151765
151766
151767
151768
151769
151770
151771
151772
151773
151774
151775
151776
151777
151778
151784
151787
151801
151815
151821
151845
151966
151986
151988
152096
152101
152109
152129
152162
152303
152323
152341
152454
152468
152483
152484
152485
152486
152487
152488
152489
152490
152491
152492
152493
152494
152495
152496
152497
152498
152499
152500
152501
152502
152503
152504
152505
152506
152507
152508
152509
152510
152511
152512
152513
152514
152515
152516
152517
152518
152519
152520
152521
152522
152523
152524
152525
152526
152527
152528
152529
152530
152531
152532
152533
152534
152535
152536
152537
152538
152539
152540
152541
152542
152543
152544
152545
152546
152547
152548
152549
152550
152551
152552
152553
152554
152555
152556
152557
152558
152559
152560
152561
152562
152563
152564
152565
152566
152567
152568
152569
152570
152571
152572
152573
152574
152575
152576
152577
152578
152579
152580
152581
152582
152586
152594
152651
152686
152696
152702
152710
152715
152720
152721
152731
152881
152895
152897
152924
153040
153045
153051
153161
153181
153203
153204
153205
153206
153207
153208
153209
153210
153211
153212
153213
153214
153215
153216
153217
153218
153219
153220
153221
153222
153223
153224
153225
153226
153227
153228
153229
153230
153231
153232
153233
153234
153235
153236
153237
153238
153239
153240
153241
153242
153243
153244
153245
153246
153247
153248
153249
153250
153251
153252
153253
153254
153255
153256
153257
153258
153259
153260
153261
153262
153263
153264
153265
153266
153267
153268
153269
153270
153271
153272
153273
153274
153275
153276
153277
153278
153279
153280
153281
153282
153283
153284
153285
153286
153287
153288
153289
153290
153291
153292
153293
153294
153295
153296
153297
153298
153299
153300
153301
153302
153313
153318
153328
153366
153367
153393
153396
153473
153489
153512
153513
153518
153522
153531
153564
153581
153603
153605
153632
153637
153672
153674
153675
153676
153677
153678
153679
153687
153700
153701
153702
153703
153704
153705
153709
153714
153721
153722
153723
153724
153733
153734
153738
153744
153751
153754
153756
153759
153761
153784
153785
153786
153791
153795
153798
153799
153819
153821
153826
153841
153842
153845
153846
153851
153852
153865
153866
153870
153878
153881
153897
153901
153905
153909
153913
153914
153915
153916
153926
153927
153931
153949
153950
153951
153953
153955
153956
153957
17423
17426
17436
17439
17443
17446
17447
17453
17465
17466
17483
17488
17495
17566
17624
17625
17648
17665
17729
17747
17748
17753
17754
17762
17771
17783
17786
17803
17810
17813
17820
17825
17891
17903
17908
17912
17913
17917
18002
18008
18061
18101
18105
18120
18166
18167
18196
18207
18209
18211
18223
18225
18229
18404
197555
199347
200169
202340
203020
203145
203999
204287
206376
207704
207941
207990
210846
211014
211242
213167
213186
213326
213371
213574
213655
213711
213862
214122
214174
214441
214485
214543
214571
214655
214676
214832
215117
215214
215381
215991
216032
216452
23664
23682
23726
23770
23772
23860
23870
23872
23901
23903
23941
23957
23976
23984
23994
24003
24029
24041
24044
24049
24055
24084
24103
24109
24118
24127
24178
24185
24186
24193
24216
24222
24232
24309
24327
24332
24374
24391
24392
24397
24448
24457
24468
24470
24471
24485
24486
24501
24508
24515
24539
24554
24558
24560
24571
24574
2697
35672
37934
37986
37991
38000
38015
38021
38029
38039
38053
38058
38139
38174
38185
38188
38191
38204
38205
38207
38224
38233
38241
38261
38266
38271
38275
38304
38306
38310
38312
38314
38457
38461
38468
38476
38529
38536
38538
38546
38557
38571
38573
38594
38596
38615
38617
38620
38625
38720
38743
38746
38799
38806
38807
38810
38857
38872
38874
38902
39486
3969
43027
44144
44331
45117
45119
45148
45150
45153
45154
45184
45189
45194
45205
45219
45232
45235
45243
45264
45271
45272
45284
45334
45335
45337
45340
45350
45357
45415
45417
45432
45433
45466
45469
45487
45513
45514
45518
45519
45525
45526
45528
45535
45536
45573
45574
45582
45591
45596
45609
45624
45625
45635
45636
45644
45648
45649
45655
45660
45661
45663
45693
45694
45742
45747
45749
45760
45765
45767
45769
45775
45801
45804
45813
45815
45820
45825
45829
45830
45833
45841
45850
45851
45854
45857
45859
45884
45885
45916
45927
45942
45944
45954
45955
46068
46071
4754
4755
4758
4797
49378
55296
55333
55341
55351
55352
55353
55360
55398
55410
55412
55428
55429
55433
55441
55446
55448
55459
55460
55470
55474
55479
55494
55507
55510
55526
55529
55535
55540
55557
55563
55566
55570
55574
55577
55578
55637
55644
55705
55709
55711
55712
55713
55717
55734
55740
55741
55756
55757
55764
55779
55780
55782
55804
55806
55814
55824
55831
55832
55836
55839
55847
55862
55879
55918
55947
56056
56061
56064
56077
56093
56097
56107
56108
56110
56124
56125
56166
56201
56202
56209
56224
56268
56272
56278
56283
56285
56290
56315
58371
58405
58419
58428
58429
58432
58438
58457
58462
58522
58529
58537
58577
58585
58590
58594
58597
58608
58640
58641
58659
58664
58671
58678
58693
58700
58702
58703
58714
58725
58758
58759
58760
58761
58762
58763
58764
58765
58766
58767
58872
58875
58880
58897
58898
58899
58900
58901
58902
58903
58904
58905
58906
58909
58925
58949
58954
58963
58964
58965
58966
58967
58968
58969
58970
58971
58972
58976
58990
59161
59162
59163
59164
59165
59166
59167
59168
59169
59170
59171
59172
59173
59174
59175
59176
59177
59178
59179
59180
59181
59182
59183
59184
59185
59186
59187
59188
59189
59190
59191
59192
59193
59194
59195
59196
59197
59198
59199
59200
59261
59319
59331
59335
59336
59379
63847
63935
64067
64071
64088
7487
7494
7593
7633
9223
9227
9238
9285
9347
9396
9414
9430
9437
9442
9498
9501
9540
9558
9580
9583
9653
9666
9730
9752
9796
9829
9830
9836
9885
9941
